[PARAMETERS]
WIDTH=8064
HEIGHT=8192
X_OFFSET=6197.451171875
Z_OFFSET=1480.908203125
MARGIN=10
SCALE_FACTOR=1.0254590511321
DRAWING_SIZE=10

